35
11111111111111111111111111111111111
10101000000010001000100000001100311
10101000111110111010101111111111011
10001000000010001010100000001100011
10001111100010001011100003111101111
10001000000010001000100000000000001
10001000111110001000100011111111111
10001000003000001000100000001100011
11101111111110111000111110001100011
10001000000000000000000000000100001
10111010000011111111111110000100001
10000010000000000000100000000100001
11100011111110001000103000000000001
10000010100000001000100000000100001
10001110100000111000111111111111101
10000010000000101000000010000100001
10100010000000101011111110000100001
10100010000000101000001010000100001
10100011111110101010001010000100001
10100010000000201310001010000000001
10100010111111111010001310000100001
10100000100000000010000010000100001
10111110100010000010000010000100001
10100000000010000010000010000100001
10101010030010111010111110000100001
10101010000010001010300000000100001
10101010031111111010101111100111001
10001010000000001010101000000100001
10001010000000111010101300000100001
11101000000000000000000000011111111
10101010000010001010300000000100001
10101010031111111010101111100111001
10001010000000001010101000000100001
10000000000000111000001300000000001
11111111111111111111111111111111111
